0 0.733173 0.995726 0.850962 0.995726 0.853365 0.991453 0.853365 0.987179 0.848558 0.978632 0.836538 0.978632 0.834135 0.974359 0.817308 0.974359 0.814904 0.970085 0.800481 0.970085 0.798077 0.965812 0.757212 0.965812 0.754808 0.970085 0.750000 0.970085 0.747596 0.974359 0.737981 0.974359 0.737981 0.982906 0.735577 0.987179 0.735577 0.991453
0 0.997596 0.995726 0.997596 0.944444 0.995192 0.940171 0.995192 0.935897 0.987981 0.935897 0.985577 0.931624 0.980769 0.931624 0.978365 0.927350 0.954327 0.927350 0.951923 0.931624 0.939904 0.931624 0.937500 0.935897 0.932692 0.935897 0.930288 0.940171 0.879808 0.940171 0.877404 0.944444 0.872596 0.944444 0.870192 0.948718 0.867788 0.948718 0.865385 0.952991 0.862981 0.952991 0.858173 0.961538 0.858173 0.970085 0.867788 0.970085 0.870192 0.965812 0.872596 0.965812 0.875000 0.961538 0.877404 0.961538 0.879808 0.957265 0.887019 0.957265 0.889423 0.952991 0.908654 0.952991 0.911058 0.957265 0.918269 0.957265 0.923077 0.965812 0.918269 0.974359 0.918269 0.982906 0.935096 0.982906 0.937500 0.987179 0.937500 0.991453 0.944712 0.991453 0.947115 0.995726
0 0.002404 0.935897 0.002404 0.961538 0.004808 0.965812 0.007212 0.965812 0.009615 0.970085 0.000000 0.987179 0.000000 0.995726 0.069712 0.995726 0.072115 0.991453 0.072115 0.987179 0.074519 0.982906 0.074519 0.978632 0.076923 0.974359 0.076923 0.965812 0.074519 0.961538 0.074519 0.957265 0.072115 0.952991 0.060096 0.952991 0.052885 0.940171 0.048077 0.940171 0.045673 0.935897 0.038462 0.935897 0.033654 0.927350 0.031250 0.927350 0.028846 0.923077 0.019231 0.923077 0.016827 0.927350 0.012019 0.927350 0.009615 0.931624 0.004808 0.931624
0 0.370192 0.871795 0.370192 0.897436 0.372596 0.897436 0.375000 0.901709 0.375000 0.910256 0.394231 0.910256 0.396635 0.905983 0.430288 0.905983 0.432692 0.901709 0.432692 0.893162 0.425481 0.880342 0.425481 0.876068 0.389423 0.876068 0.387019 0.871795
0 0.117788 0.888889 0.120192 0.893162 0.120192 0.897436 0.144231 0.897436 0.146635 0.893162 0.151442 0.893162 0.153846 0.888889 0.161058 0.888889 0.163462 0.893162 0.165865 0.893162 0.168269 0.897436 0.175481 0.897436 0.177885 0.901709 0.187500 0.901709 0.189904 0.905983 0.192308 0.905983 0.194712 0.910256 0.211538 0.910256 0.213942 0.914530 0.228365 0.914530 0.228365 0.905983 0.233173 0.897436 0.233173 0.884615 0.228365 0.884615 0.225962 0.888889 0.223558 0.888889 0.221154 0.893162 0.206731 0.893162 0.197115 0.876068 0.194712 0.876068 0.187500 0.863248 0.170673 0.863248 0.168269 0.858974 0.165865 0.858974 0.163462 0.854701 0.141827 0.854701 0.139423 0.858974 0.137019 0.858974 0.134615 0.863248 0.132212 0.863248 0.132212 0.876068 0.129808 0.880342 0.122596 0.880342
0 0.305288 0.880342 0.307692 0.884615 0.336538 0.884615 0.338942 0.880342 0.353365 0.880342 0.358173 0.871795 0.358173 0.863248 0.355769 0.858974 0.358173 0.854701 0.367788 0.854701 0.370192 0.858974 0.430288 0.858974 0.435096 0.850427 0.435096 0.829060 0.430288 0.829060 0.425481 0.820513 0.420673 0.820513 0.418269 0.816239 0.413462 0.816239 0.411058 0.811966 0.341346 0.811966 0.336538 0.820513 0.334135 0.820513 0.334135 0.829060 0.336538 0.833333 0.336538 0.837607 0.338942 0.841880 0.353365 0.841880 0.355769 0.846154 0.355769 0.850427 0.358173 0.854701 0.355769 0.858974 0.343750 0.858974 0.341346 0.863248 0.336538 0.854701 0.317308 0.854701 0.314904 0.858974 0.312500 0.858974 0.305288 0.871795
0 0.504808 0.816239 0.504808 0.837607 0.509615 0.846154 0.512019 0.846154 0.514423 0.850427 0.516827 0.850427 0.524038 0.863248 0.538462 0.863248 0.540865 0.867521 0.612981 0.867521 0.615385 0.863248 0.617788 0.863248 0.620192 0.858974 0.627404 0.858974 0.627404 0.837607 0.622596 0.829060 0.617788 0.829060 0.615385 0.824786 0.615385 0.820513 0.610577 0.820513 0.605769 0.811966 0.600962 0.811966 0.598558 0.807692 0.540865 0.807692 0.538462 0.811966 0.507212 0.811966
0 0.843750 0.786325 0.843750 0.799145 0.846154 0.803419 0.848558 0.803419 0.853365 0.811966 0.860577 0.811966 0.862981 0.816239 0.862981 0.824786 0.867788 0.833333 0.899038 0.833333 0.899038 0.829060 0.901442 0.824786 0.903846 0.824786 0.903846 0.811966 0.901442 0.811966 0.899038 0.807692 0.884615 0.807692 0.882212 0.803419 0.882212 0.799145 0.884615 0.794872 0.887019 0.794872 0.889423 0.790598 0.882212 0.777778 0.860577 0.777778 0.858173 0.782051 0.850962 0.782051 0.848558 0.786325
0 0.454327 0.722222 0.454327 0.743590 0.456731 0.743590 0.461538 0.752137 0.473558 0.752137 0.475962 0.756410 0.521635 0.756410 0.521635 0.735043 0.519231 0.730769 0.516827 0.730769 0.514423 0.726496 0.512019 0.726496 0.509615 0.722222 0.490385 0.722222 0.487981 0.717949 0.459135 0.717949 0.456731 0.722222
0 0.850962 0.726496 0.850962 0.743590 0.853365 0.747863 0.865385 0.747863 0.867788 0.752137 0.872596 0.752137 0.875000 0.756410 0.877404 0.756410 0.879808 0.760684 0.884615 0.760684 0.887019 0.764957 0.913462 0.764957 0.915865 0.760684 0.918269 0.760684 0.918269 0.756410 0.920673 0.752137 0.923077 0.752137 0.925481 0.747863 0.925481 0.739316 0.920673 0.730769 0.920673 0.726496 0.918269 0.722222 0.918269 0.717949 0.915865 0.717949 0.913462 0.713675 0.913462 0.709402 0.884615 0.709402 0.882212 0.713675 0.877404 0.713675 0.875000 0.717949 0.867788 0.717949 0.865385 0.722222 0.862981 0.722222 0.860577 0.726496
0 0.370192 0.722222 0.367788 0.722222 0.362981 0.713675 0.360577 0.713675 0.358173 0.709402 0.353365 0.709402 0.350962 0.705128 0.348558 0.705128 0.346154 0.700855 0.341346 0.700855 0.338942 0.696581 0.314904 0.696581 0.312500 0.700855 0.283654 0.700855 0.281250 0.705128 0.269231 0.705128 0.266827 0.709402 0.247596 0.709402 0.245192 0.713675 0.235577 0.713675 0.233173 0.717949 0.218750 0.717949 0.216346 0.722222 0.180288 0.722222 0.177885 0.726496 0.177885 0.730769 0.175481 0.735043 0.175481 0.760684 0.177885 0.764957 0.177885 0.769231 0.223558 0.769231 0.225962 0.764957 0.235577 0.764957 0.237981 0.769231 0.266827 0.769231 0.269231 0.764957 0.302885 0.764957 0.305288 0.760684 0.355769 0.760684 0.358173 0.756410 0.365385 0.756410 0.365385 0.743590 0.367788 0.739316 0.370192 0.739316
0 0.040865 0.670940 0.031250 0.670940 0.026442 0.679487 0.021635 0.679487 0.019231 0.683761 0.019231 0.688034 0.014423 0.696581 0.000000 0.696581 0.000000 0.769231 0.002404 0.764957 0.004808 0.764957 0.007212 0.760684 0.009615 0.760684 0.012019 0.756410 0.014423 0.756410 0.016827 0.752137 0.019231 0.752137 0.021635 0.747863 0.024038 0.747863 0.026442 0.743590 0.038462 0.743590 0.040865 0.739316 0.045673 0.739316 0.048077 0.735043 0.048077 0.683761
0 0.233173 0.581197 0.230769 0.576923 0.211538 0.576923 0.209135 0.581197 0.206731 0.576923 0.206731 0.572650 0.201923 0.564103 0.197115 0.564103 0.194712 0.559829 0.170673 0.559829 0.165865 0.568376 0.165865 0.572650 0.163462 0.576923 0.163462 0.589744 0.161058 0.594017 0.158654 0.589744 0.144231 0.589744 0.141827 0.594017 0.137019 0.594017 0.134615 0.598291 0.132212 0.598291 0.129808 0.602564 0.127404 0.602564 0.122596 0.611111 0.120192 0.611111 0.117788 0.615385 0.117788 0.619658 0.112981 0.628205 0.093750 0.628205 0.091346 0.632479 0.091346 0.641026 0.084135 0.653846 0.084135 0.658120 0.081731 0.662393 0.081731 0.666667 0.072115 0.683761 0.072115 0.692308 0.069712 0.696581 0.067308 0.696581 0.062500 0.705128 0.060096 0.705128 0.052885 0.717949 0.052885 0.730769 0.060096 0.730769 0.064904 0.722222 0.081731 0.722222 0.084135 0.726496 0.103365 0.726496 0.108173 0.717949 0.112981 0.717949 0.115385 0.713675 0.117788 0.713675 0.120192 0.709402 0.122596 0.709402 0.125000 0.705128 0.134615 0.705128 0.137019 0.700855 0.144231 0.700855 0.146635 0.696581 0.149038 0.696581 0.151442 0.692308 0.153846 0.692308 0.158654 0.683761 0.216346 0.683761 0.218750 0.679487 0.225962 0.679487 0.228365 0.675214 0.237981 0.675214 0.240385 0.670940 0.240385 0.658120 0.237981 0.653846 0.237981 0.645299 0.233173 0.645299 0.230769 0.641026 0.225962 0.641026 0.223558 0.636752 0.225962 0.632479 0.225962 0.619658 0.223558 0.615385 0.223558 0.606838 0.230769 0.594017 0.230769 0.589744 0.233173 0.585470
0 0.144231 0.525641 0.141827 0.521368 0.137019 0.521368 0.134615 0.517094 0.129808 0.517094 0.127404 0.512821 0.108173 0.512821 0.105769 0.517094 0.093750 0.517094 0.091346 0.521368 0.072115 0.521368 0.064904 0.534188 0.064904 0.542735 0.069712 0.551282 0.072115 0.551282 0.074519 0.555556 0.086538 0.555556 0.093750 0.568376 0.096154 0.568376 0.098558 0.572650 0.132212 0.572650 0.134615 0.568376 0.137019 0.568376 0.139423 0.564103 0.139423 0.559829 0.144231 0.551282
0 0.850962 0.517094 0.841346 0.517094 0.838942 0.512821 0.834135 0.512821 0.831731 0.508547 0.817308 0.508547 0.814904 0.504274 0.800481 0.504274 0.798077 0.508547 0.795673 0.508547 0.793269 0.512821 0.790865 0.512821 0.788462 0.517094 0.781250 0.517094 0.776442 0.525641 0.774038 0.525641 0.771635 0.529915 0.766827 0.529915 0.764423 0.534188 0.759615 0.534188 0.757212 0.538462 0.752404 0.538462 0.750000 0.542735 0.747596 0.542735 0.740385 0.555556 0.733173 0.555556 0.730769 0.559829 0.730769 0.568376 0.733173 0.572650 0.733173 0.589744 0.735577 0.589744 0.740385 0.598291 0.745192 0.598291 0.747596 0.602564 0.754808 0.602564 0.757212 0.606838 0.759615 0.606838 0.762019 0.611111 0.771635 0.611111 0.774038 0.615385 0.776442 0.615385 0.778846 0.619658 0.819712 0.619658 0.822115 0.615385 0.824519 0.615385 0.824519 0.611111 0.831731 0.598291 0.831731 0.589744 0.838942 0.576923 0.838942 0.568376 0.841346 0.564103 0.841346 0.559829 0.846154 0.551282 0.846154 0.547009 0.848558 0.542735 0.848558 0.534188 0.850962 0.529915
0 0.240385 0.529915 0.240385 0.551282 0.245192 0.559829 0.264423 0.564103 0.278846 0.585470 0.286058 0.585470 0.300481 0.602564 0.319712 0.589744 0.348558 0.594017 0.343750 0.602564 0.331731 0.602564 0.314904 0.615385 0.281250 0.615385 0.269231 0.623932 0.281250 0.658120 0.305288 0.683761 0.427885 0.683761 0.456731 0.658120 0.456731 0.675214 0.485577 0.675214 0.492788 0.688034 0.509615 0.688034 0.548077 0.713675 0.567308 0.713675 0.588942 0.730769 0.612981 0.739316 0.661058 0.739316 0.682692 0.730769 0.697115 0.713675 0.711538 0.713675 0.728365 0.739316 0.713942 0.769231 0.713942 0.786325 0.718750 0.790598 0.807692 0.786325 0.814904 0.794872 0.725962 0.811966 0.706731 0.833333 0.699519 0.833333 0.694712 0.841880 0.694712 0.863248 0.723558 0.867521 0.733173 0.884615 0.713942 0.910256 0.680288 0.931624 0.673077 0.944444 0.675481 0.961538 0.725962 0.961538 0.757212 0.948718 0.807692 0.952991 0.846154 0.901709 0.872596 0.897436 0.889423 0.854701 0.884615 0.846154 0.875000 0.846154 0.855769 0.867521 0.819712 0.867521 0.826923 0.846154 0.826923 0.824786 0.817308 0.807692 0.817308 0.799145 0.831731 0.773504 0.838942 0.769231 0.838942 0.743590 0.831731 0.735043 0.850962 0.713675 0.850962 0.696581 0.843750 0.683761 0.831731 0.683761 0.819712 0.696581 0.786058 0.700855 0.781250 0.692308 0.788462 0.688034 0.786058 0.662393 0.762019 0.662393 0.730769 0.692308 0.728365 0.666667 0.699519 0.662393 0.680288 0.645299 0.600962 0.636752 0.591346 0.619658 0.567308 0.615385 0.562500 0.606838 0.524038 0.602564 0.531250 0.594017 0.540865 0.594017 0.550481 0.581197 0.579327 0.576923 0.586538 0.568376 0.581731 0.551282 0.524038 0.551282 0.516827 0.559829 0.497596 0.564103 0.480769 0.585470 0.451923 0.572650 0.367788 0.572650 0.360577 0.589744 0.348558 0.594017 0.346154 0.589744 0.353365 0.576923 0.353365 0.564103 0.346154 0.547009 0.343750 0.512821 0.329327 0.504274 0.269231 0.504274 0.252404 0.525641
0 0.627404 0.512821 0.627404 0.534188 0.629808 0.538462 0.663462 0.538462 0.665865 0.534188 0.668269 0.534188 0.668269 0.529915 0.670673 0.525641 0.670673 0.504274 0.668269 0.500000 0.634615 0.500000
0 0.000000 0.440171 0.000000 0.465812 0.026442 0.465812 0.028846 0.470085 0.028846 0.474359 0.040865 0.474359 0.043269 0.470085 0.050481 0.470085 0.052885 0.465812 0.055288 0.465812 0.057692 0.470085 0.062500 0.470085 0.064904 0.474359 0.069712 0.474359 0.072115 0.478632 0.076923 0.478632 0.079327 0.482906 0.105769 0.482906 0.108173 0.478632 0.112981 0.478632 0.115385 0.474359 0.117788 0.474359 0.120192 0.470085 0.122596 0.470085 0.125000 0.465812 0.129808 0.465812 0.129808 0.444444 0.122596 0.444444 0.120192 0.440171 0.084135 0.440171 0.081731 0.435897 0.074519 0.435897 0.072115 0.431624 0.057692 0.431624 0.055288 0.435897 0.050481 0.435897 0.048077 0.440171
0 0.201923 0.435897 0.201923 0.452991 0.206731 0.461538 0.213942 0.461538 0.216346 0.465812 0.288462 0.465812 0.290865 0.470085 0.324519 0.470085 0.326923 0.465812 0.353365 0.465812 0.355769 0.461538 0.355769 0.457265 0.350962 0.448718 0.336538 0.448718 0.334135 0.444444 0.326923 0.444444 0.324519 0.440171 0.310096 0.440171 0.307692 0.435897 0.300481 0.435897 0.298077 0.431624 0.295673 0.431624 0.293269 0.427350 0.290865 0.427350 0.288462 0.423077 0.283654 0.423077 0.281250 0.418803 0.271635 0.418803 0.269231 0.414530 0.266827 0.414530 0.262019 0.405983 0.252404 0.405983 0.250000 0.401709 0.242788 0.401709 0.240385 0.397436 0.237981 0.397436 0.235577 0.393162 0.225962 0.393162 0.223558 0.397436 0.221154 0.397436 0.218750 0.401709 0.216346 0.401709 0.211538 0.410256 0.209135 0.410256 0.206731 0.414530 0.206731 0.418803 0.209135 0.423077
0 0.367788 0.414530 0.367788 0.423077 0.375000 0.435897 0.375000 0.452991 0.377404 0.457265 0.468750 0.457265 0.471154 0.461538 0.468750 0.465812 0.468750 0.470085 0.473558 0.478632 0.516827 0.478632 0.521635 0.470085 0.528846 0.470085 0.531250 0.465812 0.591346 0.465812 0.593750 0.461538 0.612981 0.461538 0.620192 0.448718 0.627404 0.444444 0.632212 0.435897 0.675481 0.435897 0.677885 0.440171 0.692308 0.440171 0.694712 0.444444 0.735577 0.444444 0.737981 0.448718 0.752404 0.448718 0.754808 0.452991 0.764423 0.452991 0.771635 0.461538 0.786058 0.461538 0.788462 0.457265 0.795673 0.457265 0.798077 0.452991 0.802885 0.452991 0.807692 0.444444 0.807692 0.435897 0.800481 0.418803 0.800481 0.414530 0.786058 0.414530 0.783654 0.410256 0.766827 0.410256 0.764423 0.405983 0.752404 0.405983 0.750000 0.410256 0.740385 0.410256 0.737981 0.405983 0.711538 0.405983 0.709135 0.410256 0.687500 0.410256 0.685096 0.414530 0.680288 0.414530 0.677885 0.418803 0.627404 0.418803 0.625000 0.423077 0.600962 0.423077 0.593750 0.431624 0.588942 0.431624 0.584135 0.423077 0.576923 0.423077 0.574519 0.418803 0.576923 0.414530 0.576923 0.397436 0.574519 0.393162 0.576923 0.388889 0.576923 0.380342 0.574519 0.376068 0.538462 0.376068 0.524038 0.393162 0.504808 0.393162 0.502404 0.397436 0.500000 0.397436 0.492788 0.410256 0.471154 0.410256 0.466346 0.401709 0.447115 0.401709 0.444712 0.397436 0.425481 0.397436 0.420673 0.388889 0.389423 0.388889 0.387019 0.393162 0.379808 0.397436 0.379808 0.401709 0.375000 0.410256
0 0.100962 0.324786 0.098558 0.320513 0.081731 0.320513 0.079327 0.324786 0.076923 0.320513 0.074519 0.324786 0.055288 0.324786 0.052885 0.329060 0.036058 0.329060 0.033654 0.333333 0.019231 0.333333 0.016827 0.337607 0.012019 0.337607 0.009615 0.341880 0.009615 0.350427 0.060096 0.350427 0.062500 0.346154 0.064904 0.346154 0.067308 0.341880 0.081731 0.341880 0.084135 0.337607 0.098558 0.337607 0.100962 0.333333
0 0.444712 0.277778 0.444712 0.290598 0.451923 0.303419 0.454327 0.303419 0.459135 0.311966 0.471154 0.311966 0.475962 0.303419 0.478365 0.307692 0.487981 0.307692 0.490385 0.303419 0.495192 0.303419 0.495192 0.299145 0.497596 0.294872 0.507212 0.294872 0.507212 0.277778 0.495192 0.277778 0.492788 0.273504 0.475962 0.273504 0.473558 0.277778 0.471154 0.277778 0.468750 0.273504 0.447115 0.273504
0 0.000000 0.277778 0.048077 0.277778 0.048077 0.273504 0.050481 0.269231 0.052885 0.269231 0.055288 0.264957 0.057692 0.264957 0.057692 0.260684 0.060096 0.256410 0.060096 0.243590 0.000000 0.243590
0 0.543269 0.264957 0.543269 0.273504 0.545673 0.277778 0.545673 0.286325 0.562500 0.286325 0.564904 0.290598 0.586538 0.290598 0.588942 0.294872 0.665865 0.294872 0.668269 0.290598 0.668269 0.269231 0.665865 0.264957 0.637019 0.264957 0.634615 0.260684 0.598558 0.260684 0.596154 0.256410 0.596154 0.252137 0.593750 0.247863 0.588942 0.247863 0.586538 0.243590 0.567308 0.243590 0.564904 0.239316 0.562500 0.239316 0.560096 0.243590 0.555288 0.243590
0 0.137019 0.235043 0.137019 0.243590 0.139423 0.243590 0.141827 0.247863 0.141827 0.256410 0.146635 0.264957 0.149038 0.264957 0.151442 0.269231 0.151442 0.273504 0.158654 0.286325 0.158654 0.299145 0.163462 0.307692 0.163462 0.311966 0.165865 0.316239 0.192308 0.316239 0.194712 0.320513 0.216346 0.320513 0.218750 0.324786 0.278846 0.324786 0.281250 0.320513 0.286058 0.320513 0.288462 0.316239 0.293269 0.316239 0.300481 0.303419 0.300481 0.299145 0.302885 0.294872 0.302885 0.277778 0.295673 0.264957 0.293269 0.264957 0.290865 0.260684 0.286058 0.260684 0.283654 0.256410 0.271635 0.256410 0.269231 0.252137 0.269231 0.243590 0.264423 0.235043 0.262019 0.235043 0.254808 0.222222 0.250000 0.222222 0.247596 0.217949 0.242788 0.217949 0.237981 0.209402 0.225962 0.209402 0.223558 0.205128 0.199519 0.205128 0.197115 0.209402 0.180288 0.209402 0.177885 0.213675 0.168269 0.213675 0.165865 0.217949 0.158654 0.217949 0.156250 0.222222 0.153846 0.222222 0.151442 0.226496 0.144231 0.226496 0.141827 0.230769 0.139423 0.230769
0 0.997596 0.179487 0.987981 0.196581 0.980769 0.200855 0.975962 0.209402 0.954327 0.209402 0.951923 0.213675 0.947115 0.213675 0.939904 0.226496 0.935096 0.226496 0.932692 0.230769 0.930288 0.230769 0.925481 0.239316 0.918269 0.239316 0.915865 0.243590 0.877404 0.243590 0.875000 0.247863 0.841346 0.247863 0.838942 0.243590 0.783654 0.243590 0.778846 0.256410 0.778846 0.269231 0.776442 0.273504 0.764423 0.273504 0.762019 0.277778 0.762019 0.294872 0.769231 0.303419 0.774038 0.303419 0.778846 0.311966 0.781250 0.311966 0.788462 0.320513 0.805288 0.320513 0.807692 0.316239 0.819712 0.316239 0.829327 0.299145 0.829327 0.286325 0.831731 0.282051 0.875000 0.282051 0.877404 0.286325 0.887019 0.286325 0.889423 0.290598 0.889423 0.294872 0.894231 0.303419 0.894231 0.307692 0.899038 0.316239 0.896635 0.320513 0.891827 0.320513 0.889423 0.324786 0.887019 0.320513 0.884615 0.320513 0.882212 0.324786 0.875000 0.329060 0.870192 0.337607 0.870192 0.346154 0.867788 0.350427 0.860577 0.350427 0.855769 0.358974 0.853365 0.358974 0.850962 0.363248 0.850962 0.371795 0.846154 0.380342 0.841346 0.380342 0.836538 0.388889 0.831731 0.388889 0.819712 0.410256 0.819712 0.423077 0.834135 0.423077 0.836538 0.427350 0.836538 0.431624 0.834135 0.435897 0.834135 0.457265 0.838942 0.465812 0.841346 0.465812 0.848558 0.474359 0.887019 0.474359 0.896635 0.457265 0.896635 0.435897 0.906250 0.418803 0.906250 0.401709 0.908654 0.397436 0.908654 0.388889 0.913462 0.380342 0.915865 0.380342 0.932692 0.363248 0.944712 0.363248 0.949519 0.354701 0.949519 0.337607 0.947115 0.333333 0.947115 0.299145 0.949519 0.294872 0.954327 0.294872 0.956731 0.299145 0.956731 0.303419 0.961538 0.311966 0.968750 0.311966 0.975962 0.303419 0.975962 0.282051 0.973558 0.277778 0.968750 0.277778 0.966346 0.273504 0.973558 0.264957 0.978365 0.264957 0.983173 0.256410 0.990385 0.256410 0.995192 0.247863 0.995192 0.243590 0.987981 0.235043 0.990385 0.230769 0.997596 0.230769
0 0.603365 0.213675 0.605769 0.217949 0.610577 0.217949 0.612981 0.213675 0.612981 0.209402 0.615385 0.205128 0.617788 0.205128 0.620192 0.209402 0.656250 0.209402 0.658654 0.205128 0.658654 0.200855 0.661058 0.196581 0.668269 0.196581 0.670673 0.192308 0.670673 0.183761 0.668269 0.179487 0.661058 0.179487 0.658654 0.175214 0.632212 0.175214 0.629808 0.179487 0.622596 0.179487 0.617788 0.188034 0.610577 0.188034 0.605769 0.196581 0.605769 0.200855 0.603365 0.205128
0 0.882212 0.222222 0.879808 0.217949 0.882212 0.213675 0.882212 0.209402 0.879808 0.205128 0.877404 0.205128 0.875000 0.200855 0.875000 0.196581 0.877404 0.192308 0.877404 0.170940 0.875000 0.166667 0.860577 0.166667 0.855769 0.175214 0.843750 0.175214 0.841346 0.179487 0.814904 0.179487 0.812500 0.183761 0.771635 0.183761 0.769231 0.188034 0.762019 0.188034 0.759615 0.192308 0.757212 0.192308 0.754808 0.196581 0.752404 0.196581 0.752404 0.213675 0.754808 0.217949 0.757212 0.217949 0.759615 0.222222 0.764423 0.222222 0.766827 0.226496 0.766827 0.230769 0.769231 0.235043 0.836538 0.235043 0.838942 0.230769 0.843750 0.230769 0.846154 0.226496 0.850962 0.226496 0.853365 0.230769 0.877404 0.230769
0 0.000000 0.132479 0.000000 0.222222 0.004808 0.226496 0.012019 0.226496 0.014423 0.222222 0.016827 0.226496 0.024038 0.226496 0.026442 0.230769 0.084135 0.230769 0.093750 0.239316 0.110577 0.239316 0.115385 0.230769 0.112981 0.217949 0.105769 0.205128 0.091346 0.205128 0.088942 0.200855 0.069712 0.200855 0.067308 0.196581 0.060096 0.196581 0.055288 0.188034 0.055288 0.179487 0.048077 0.153846 0.043269 0.149573 0.019231 0.149573 0.016827 0.153846 0.012019 0.153846 0.009615 0.149573 0.014423 0.141026 0.072115 0.141026 0.074519 0.145299 0.069712 0.153846 0.069712 0.162393 0.060096 0.175214 0.060096 0.183761 0.062500 0.188034 0.096154 0.188034 0.098558 0.192308 0.112981 0.192308 0.115385 0.196581 0.209135 0.196581 0.218750 0.188034 0.257212 0.188034 0.259615 0.192308 0.266827 0.192308 0.271635 0.200855 0.278846 0.200855 0.281250 0.196581 0.278846 0.188034 0.278846 0.175214 0.271635 0.162393 0.189904 0.162393 0.187500 0.166667 0.163462 0.166667 0.156250 0.158120 0.149038 0.158120 0.146635 0.153846 0.115385 0.153846 0.110577 0.162393 0.103365 0.149573 0.098558 0.149573 0.096154 0.145299 0.074519 0.145299 0.072115 0.141026 0.072115 0.128205 0.067308 0.123932 0.062500 0.123932 0.060096 0.119658 0.067308 0.111111 0.093750 0.111111 0.096154 0.115385 0.100962 0.115385 0.110577 0.106838 0.108173 0.098291 0.091346 0.094017 0.088942 0.085470 0.081731 0.085470 0.079327 0.081197 0.064904 0.081197 0.062500 0.085470 0.055288 0.085470 0.052885 0.089744 0.052885 0.098291 0.055288 0.102564 0.055288 0.111111 0.052885 0.115385 0.009615 0.115385 0.004808 0.119658
0 0.567308 0.098291 0.567308 0.111111 0.576923 0.128205 0.600962 0.128205 0.603365 0.123932 0.612981 0.123932 0.615385 0.128205 0.649038 0.128205 0.651442 0.132479 0.656250 0.132479 0.658654 0.136752 0.663462 0.136752 0.665865 0.141026 0.689904 0.141026 0.689904 0.132479 0.692308 0.128205 0.725962 0.128205 0.728365 0.132479 0.728365 0.136752 0.730769 0.141026 0.771635 0.141026 0.774038 0.136752 0.776442 0.136752 0.776442 0.123932 0.774038 0.123932 0.771635 0.119658 0.771635 0.115385 0.716346 0.115385 0.713942 0.119658 0.711538 0.115385 0.711538 0.098291 0.709135 0.094017 0.677885 0.094017 0.677885 0.098291 0.673077 0.106838 0.668269 0.106838 0.661058 0.094017 0.653846 0.094017 0.651442 0.089744 0.649038 0.089744 0.646635 0.085470 0.646635 0.081197 0.644231 0.076923 0.632212 0.076923 0.629808 0.081197 0.598558 0.081197 0.596154 0.085470 0.574519 0.085470
0 0.257212 0.098291 0.252404 0.089744 0.245192 0.089744 0.242788 0.085470 0.237981 0.085470 0.235577 0.081197 0.230769 0.081197 0.228365 0.076923 0.223558 0.076923 0.221154 0.072650 0.206731 0.072650 0.206731 0.076923 0.204327 0.081197 0.206731 0.085470 0.211538 0.085470 0.213942 0.089744 0.209135 0.098291 0.209135 0.106838 0.206731 0.111111 0.163462 0.111111 0.161058 0.115385 0.156250 0.115385 0.151442 0.123932 0.151442 0.136752 0.153846 0.141026 0.216346 0.141026 0.218750 0.136752 0.218750 0.119658 0.213942 0.111111 0.216346 0.106838 0.233173 0.106838 0.235577 0.111111 0.254808 0.111111 0.257212 0.106838
0 0.997596 0.158120 0.997596 0.106838 0.992788 0.106838 0.990385 0.111111 0.987981 0.111111 0.983173 0.119658 0.971154 0.119658 0.968750 0.123932 0.966346 0.119658 0.947115 0.119658 0.944712 0.123932 0.925481 0.123932 0.923077 0.119658 0.925481 0.115385 0.925481 0.098291 0.923077 0.094017 0.923077 0.089744 0.920673 0.089744 0.918269 0.085470 0.896635 0.085470 0.894231 0.081197 0.896635 0.076923 0.927885 0.076923 0.930288 0.072650 0.935096 0.072650 0.937500 0.068376 0.975962 0.068376 0.975962 0.055556 0.973558 0.055556 0.971154 0.051282 0.963942 0.051282 0.959135 0.042735 0.951923 0.042735 0.949519 0.038462 0.949519 0.034188 0.939904 0.034188 0.937500 0.029915 0.903846 0.029915 0.901442 0.034188 0.877404 0.034188 0.870192 0.042735 0.862981 0.042735 0.858173 0.051282 0.850962 0.051282 0.848558 0.055556 0.848558 0.064103 0.846154 0.068376 0.826923 0.068376 0.824519 0.064103 0.790865 0.064103 0.788462 0.068376 0.786058 0.068376 0.786058 0.072650 0.774038 0.094017 0.774038 0.098291 0.776442 0.102564 0.800481 0.102564 0.812500 0.123932 0.819712 0.123932 0.822115 0.128205 0.826923 0.128205 0.829327 0.132479 0.838942 0.132479 0.841346 0.136752 0.879808 0.136752 0.882212 0.132479 0.887019 0.132479 0.889423 0.128205 0.908654 0.128205 0.911058 0.123932 0.915865 0.123932 0.918269 0.128205 0.918269 0.136752 0.915865 0.141026 0.908654 0.141026 0.906250 0.145299 0.906250 0.153846 0.908654 0.153846 0.911058 0.158120
0 0.612981 0.042735 0.612981 0.072650 0.620192 0.072650 0.622596 0.068376 0.625000 0.068376 0.627404 0.064103 0.632212 0.064103 0.634615 0.059829 0.637019 0.059829 0.639423 0.064103 0.653846 0.064103 0.656250 0.068376 0.661058 0.068376 0.663462 0.072650 0.689904 0.072650 0.692308 0.076923 0.694712 0.076923 0.697115 0.081197 0.740385 0.081197 0.742788 0.076923 0.742788 0.072650 0.750000 0.059829 0.752404 0.059829 0.752404 0.038462 0.750000 0.034188 0.733173 0.034188 0.730769 0.029915 0.723558 0.029915 0.721154 0.025641 0.670673 0.025641 0.668269 0.029915 0.641827 0.029915 0.637019 0.038462 0.627404 0.038462 0.625000 0.042735 0.622596 0.042735 0.620192 0.038462 0.615385 0.038462
0 0.420673 0.034188 0.415865 0.025641 0.399038 0.025641 0.396635 0.029915 0.375000 0.029915 0.372596 0.034188 0.372596 0.038462 0.377404 0.047009 0.377404 0.051282 0.379808 0.055556 0.387019 0.055556 0.389423 0.059829 0.399038 0.059829 0.403846 0.051282 0.406250 0.051282 0.408654 0.047009 0.418269 0.047009 0.418269 0.042735 0.420673 0.038462
0 0.033654 0.017094 0.033654 0.021368 0.038462 0.029915 0.043269 0.029915 0.045673 0.034188 0.081731 0.034188 0.088942 0.021368 0.112981 0.021368 0.112981 0.012821 0.110577 0.008547 0.096154 0.008547 0.093750 0.004274 0.069712 0.004274 0.067308 0.008547 0.062500 0.008547 0.060096 0.012821 0.057692 0.012821 0.055288 0.008547 0.040865 0.008547 0.036058 0.017094
0 0.927885 0.004274 0.927885 0.012821 0.930288 0.012821 0.932692 0.017094 0.963942 0.017094 0.966346 0.012821 0.968750 0.017094 0.968750 0.021368 0.971154 0.025641 0.978365 0.025641 0.980769 0.021368 0.997596 0.021368 0.997596 0.000000 0.930288 0.000000
0 0.771635 0.017094 0.771635 0.029915 0.838942 0.029915 0.841346 0.025641 0.846154 0.025641 0.846154 0.012821 0.843750 0.012821 0.838942 0.004274 0.834135 0.004274 0.831731 0.000000 0.805288 0.000000 0.802885 0.004274 0.786058 0.004274 0.783654 0.008547 0.778846 0.008547 0.776442 0.012821 0.774038 0.012821
0 0.423077 0.004274 0.427885 0.012821 0.430288 0.012821 0.432692 0.017094 0.435096 0.017094 0.439904 0.025641 0.442308 0.025641 0.444712 0.029915 0.449519 0.029915 0.454327 0.038462 0.487981 0.038462 0.490385 0.034188 0.497596 0.034188 0.500000 0.029915 0.531250 0.029915 0.533654 0.025641 0.536058 0.025641 0.538462 0.021368 0.540865 0.021368 0.543269 0.017094 0.545673 0.017094 0.548077 0.012821 0.552885 0.021368 0.555288 0.021368 0.557692 0.025641 0.562500 0.025641 0.564904 0.021368 0.581731 0.021368 0.584135 0.017094 0.600962 0.017094 0.600962 0.012821 0.603365 0.008547 0.608173 0.008547 0.610577 0.004274 0.612981 0.004274 0.615385 0.000000 0.423077 0.000000